{"class":"CBrush","mCameraMap":{"class":"map","key":["3D","2D","Dev","test20","test21","test22"],"value":[{"class":"CCamera","mEye":{"class":"CVec3","mF32A":[783.8489990234375,584.1373291015625,1437.05810546875]},"mLook":{"class":"CVec3","mF32A":[699.713134765625,-7.28887939453125,626.9243774414062]},"mUp":{"class":"CVec3","mF32A":[0,1,0]},"mProjFar":100000,"mProjNear":1,"mOrthographic":false,"mBillboardMat":{"class":"CMat","mF32A":[0.9946503639221191,2.9061715256517573e-9,-0.10329870879650116,0,-0.06069488450884819,0.8091756701469421,-0.5844234228134155,0,0.08358681201934814,0.5875666737556458,0.8048469424247742,0,0,0,0,1],"mUnit":false},"mScreenWidthBase":false,"mFov":0.785,"mViewPort":null,"mWidth":0,"mHeight":0,"mZoom":1,"mCamShake":null,"mCamCon":{"class":"CCamCon3DFirstPerson","mMovLock":0,"mPosSensitivity":1,"mRotSensitivity":1,"mZoomSensitivity":1,"mLock":false,"mRotKey":1,"mRotXLock":false,"mRotYLock":false,"mPosKey":2,"mKeyboard":true,"mPause":false,"mRotXCur":-6.614343579868666e-20,"mRotYCur":-5.534028417447649e-23},"mKey":"3D"},{"class":"CCamera","mEye":{"class":"CVec3","mF32A":[0,0.10000000149011612,100]},"mLook":{"class":"CVec3","mF32A":[0,0.10000000149011612,0]},"mUp":{"class":"CVec3","mF32A":[0,1,0]},"mProjFar":100000,"mProjNear":0.01,"mOrthographic":true,"mBillboardMat":{"class":"CMat","mF32A":[1,0,0,0,0,1,0,0,0,0,1,0,0,0,0,1],"mUnit":false},"mScreenWidthBase":false,"mFov":0.785,"mViewPort":null,"mWidth":0,"mHeight":0,"mZoom":1,"mCamShake":null,"mCamCon":null,"mKey":"2D"},{"class":"CCamera","mEye":{"class":"CVec3","mF32A":[783.8489990234375,584.1373291015625,1437.05810546875]},"mLook":{"class":"CVec3","mF32A":[699.713134765625,-7.28887939453125,626.9243774414062]},"mUp":{"class":"CVec3","mF32A":[0,1,0]},"mProjFar":100000,"mProjNear":1,"mOrthographic":false,"mBillboardMat":{"class":"CMat","mF32A":[0.9946503639221191,2.9061715256517573e-9,-0.10329870879650116,0,-0.06069488450884819,0.8091756701469421,-0.5844234228134155,0,0.08358681201934814,0.5875666737556458,0.8048469424247742,0,0,0,0,1],"mUnit":false},"mScreenWidthBase":false,"mFov":0.785,"mViewPort":null,"mWidth":0,"mHeight":0,"mZoom":1,"mCamShake":null,"mCamCon":{"class":"CCamCon3DFirstPerson","mMovLock":0,"mPosSensitivity":1,"mRotSensitivity":1,"mZoomSensitivity":1,"mLock":false,"mRotKey":1,"mRotXLock":false,"mRotYLock":false,"mPosKey":2,"mKeyboard":true,"mPause":false,"mRotXCur":0,"mRotYCur":0},"mKey":"Dev"},{"class":"CCamera","mEye":{"class":"CVec3","mF32A":[1856,1151,1787]},"mLook":{"class":"CVec3","mF32A":[702,-3,633]},"mUp":{"class":"CVec3","mF32A":[0,1,0]},"mProjFar":100000,"mProjNear":0.01,"mOrthographic":true,"mBillboardMat":{"class":"CMat","mF32A":[0.7071067690849304,1.1087841755852423e-9,-0.7071067690849304,0,-0.40824827551841736,0.8164965510368347,-0.40824827551841736,0,0.5773502588272095,0.5773502588272095,0.5773502588272095,0,0,0,0,1],"mUnit":false},"mScreenWidthBase":false,"mFov":0.785,"mViewPort":null,"mWidth":2000,"mHeight":2000,"mZoom":1,"mCamShake":null,"mCamCon":null,"mKey":"test20"},{"class":"CCamera","mEye":{"class":"CVec3","mF32A":[9688,7468,7453]},"mLook":{"class":"CVec3","mF32A":[456,-1764,-1779]},"mUp":{"class":"CVec3","mF32A":[0,1,0]},"mProjFar":100000,"mProjNear":0.01,"mOrthographic":true,"mBillboardMat":{"class":"CMat","mF32A":[0.7071067690849304,1.1087841755852423e-9,-0.7071067690849304,0,-0.40824827551841736,0.8164965510368347,-0.40824827551841736,0,0.5773502588272095,0.5773502588272095,0.5773502588272095,0,0,0,0,1],"mUnit":false},"mScreenWidthBase":false,"mFov":0.785,"mViewPort":null,"mWidth":8000,"mHeight":8000,"mZoom":1,"mCamShake":null,"mCamCon":null,"mKey":"test21"},{"class":"CCamera","mEye":{"class":"CVec3","mF32A":[46124,40874,39557]},"mLook":{"class":"CVec3","mF32A":[-36,-5286,-6603]},"mUp":{"class":"CVec3","mF32A":[0,1,0]},"mProjFar":100000,"mProjNear":0.01,"mOrthographic":true,"mBillboardMat":{"class":"CMat","mF32A":[0.7071067690849304,1.1087841755852423e-9,-0.7071067690849304,0,-0.40824827551841736,0.8164965510368347,-0.40824827551841736,0,0.5773502588272095,0.5773502588272095,0.5773502588272095,0,0,0,0,1],"mUnit":false},"mScreenWidthBase":false,"mFov":0.785,"mViewPort":null,"mWidth":16000,"mHeight":16000,"mZoom":1,"mCamShake":null,"mCamCon":null,"mKey":"test22"}]}}